analysis	regime	cell_id	m_PB	m_TV	N	c_bm	n_reps	n_converged	conv_rate	power	mcse_power	mean_beta	bias	mcse_bias	coverage
one_component	alt	1	0	-1	35	0.45	1000	1000	1	0.621	0.0153414145371279	-2.25821209856817	-0.00821209856817218	0.0275192336679112	0.978
phase_augmented	alt	1	0	-1	35	0.45	1000	1000	1	0.37	0.0152676127799994	-2.30335029771254	-0.053350297712544	0.0440331113486325	0.958
one_component	alt	2	0	-1	70	0.45	1000	1000	1	0.928	0.00817410545564467	-2.25103297802837	-0.00103297802836799	0.0189863581105916	0.973
phase_augmented	alt	2	0	-1	70	0.45	1000	1000	1	0.632	0.0152504426165276	-2.25963200264672	-0.00963200264672004	0.0296471117374421	0.96
one_component	alt	3	0	-1	100	0.45	1000	1000	1	1	0	-2.25566775644703	-0.00566775644703377	0.00855558929093698	0.968
phase_augmented	alt	3	0	-1	100	0.45	1000	1000	1	0.999	0.000999499874937461	-2.24475187430805	0.00524812569194699	0.0123210868563789	0.972
one_component	alt	4	0	-1	150	0.45	1000	1000	1	1	0	-2.24750384715828	0.00249615284172222	0.00668788048361413	0.972
phase_augmented	alt	4	0	-1	150	0.45	1000	1000	1	1	0	-2.24962543969939	0.000374560300607563	0.01028448619449	0.967
one_component	alt	5	0	0	35	0.45	1000	1000	1	0.63	0.0152676127799994	-2.24139220749808	0.00860779250191568	0.0266346591525416	0.979
phase_augmented	alt	5	0	0	35	0.45	1000	1000	1	0.37	0.0152676127799994	-2.23265210735556	0.0173478926444379	0.0425682366775639	0.955
one_component	alt	6	0	0	70	0.45	1000	1000	1	0.918	0.00867617427210864	-2.22233274656294	0.0276672534370581	0.0190180327621514	0.976
phase_augmented	alt	6	0	0	70	0.45	1000	1000	1	0.606	0.0154519901630826	-2.20060465798407	0.0493953420159272	0.0300586316742868	0.96
one_component	alt	7	0	0	100	0.45	1000	1000	1	1	0	-2.24632723031361	0.00367276968638786	0.0081620400431637	0.978
phase_augmented	alt	7	0	0	100	0.45	1000	1000	1	1	0	-2.24716177815914	0.00283822184086269	0.0116528073413107	0.982
one_component	alt	8	0	0	150	0.45	1000	1000	1	1	0	-2.24963789543514	0.000362104564857635	0.00673816710249725	0.982
phase_augmented	alt	8	0	0	150	0.45	1000	1000	1	1	0	-2.24576809211945	0.00423190788055372	0.00998236857399904	0.978
one_component	alt	9	0	1	35	0.45	1000	1000	1	0.604	0.0154655746740947	-2.24572613932587	0.00427386067413016	0.0267727313465967	0.985
phase_augmented	alt	9	0	1	35	0.45	1000	1000	1	0.347	0.0150529399121899	-2.27121859499005	-0.0212185949900499	0.0429384047248938	0.955
one_component	alt	10	0	1	70	0.45	1000	1000	1	0.915	0.00881901355027874	-2.25097604158071	-0.000976041580705189	0.0190048503982971	0.979
phase_augmented	alt	10	0	1	70	0.45	1000	1000	1	0.631	0.0152590628807932	-2.26246173535169	-0.0124617353516867	0.0300720457420392	0.964
one_component	alt	11	0	1	100	0.45	1000	1000	1	1	0	-2.23836964515094	0.0116303548490588	0.00824886798536566	0.978
phase_augmented	alt	11	0	1	100	0.45	1000	1000	1	1	0	-2.24766579074447	0.00233420925553096	0.0122665851818259	0.975
one_component	alt	12	0	1	150	0.45	1000	1000	1	1	0	-2.25346129636671	-0.00346129636671355	0.00693639212100086	0.972
phase_augmented	alt	12	0	1	150	0.45	1000	1000	1	1	0	-2.26274879143969	-0.0127487914396895	0.0100466852135733	0.967
one_component	alt	13	0	2	35	0.45	1000	1000	1	0.622	0.0153334927527945	-2.295168046514	-0.0451680465140032	0.0276238240651723	0.982
phase_augmented	alt	13	0	2	35	0.45	1000	1000	1	0.389	0.0154168414404508	-2.31974662837699	-0.0697466283769903	0.0449485149446788	0.951
one_component	alt	14	0	2	70	0.45	1000	1000	1	0.898	0.00957057991973318	-2.24404135020622	0.00595864979378069	0.0192167752843334	0.979
phase_augmented	alt	14	0	2	70	0.45	1000	1000	1	0.619	0.0153570504980611	-2.23442072101261	0.0155792789873943	0.030787381069918	0.943
one_component	alt	15	0	2	100	0.45	1000	1000	1	1	0	-2.2417933514331	0.00820664856689968	0.00853518040398323	0.971
phase_augmented	alt	15	0	2	100	0.45	1000	1000	1	0.999	0.000999499874937461	-2.24362332323983	0.00637667676016829	0.0126831431653933	0.972
one_component	alt	16	0	2	150	0.45	1000	1000	1	1	0	-2.25233627246637	-0.00233627246637402	0.00696652904611411	0.972
phase_augmented	alt	16	0	2	150	0.45	1000	1000	1	1	0	-2.23778275844132	0.0122172415586772	0.0100768937281	0.976
one_component	alt	17	1	-1	35	0.45	1000	1000	1	0.611	0.0154168414404508	-2.26831546505529	-0.0183154650552861	0.0269874200484448	0.978
phase_augmented	alt	17	1	-1	35	0.45	1000	1000	1	0.361	0.0151881203577006	-2.28703141909179	-0.0370314190917873	0.042815679816233	0.953
one_component	alt	18	1	-1	70	0.45	1000	1000	1	0.923	0.00843036179532053	-2.23913733829445	0.0108626617055547	0.019308873706743	0.976
phase_augmented	alt	18	1	-1	70	0.45	1000	1000	1	0.625	0.0153093108923949	-2.21985104707028	0.0301489529297152	0.030869991684651	0.961
one_component	alt	19	1	-1	100	0.45	1000	1000	1	1	0	-2.24151648010937	0.00848351989063101	0.00868527375960675	0.964
phase_augmented	alt	19	1	-1	100	0.45	1000	1000	1	0.999	0.000999499874937461	-2.2422034008266	0.00779659917339837	0.0124767994098163	0.971
one_component	alt	20	1	-1	150	0.45	1000	1000	1	1	0	-2.24494694947247	0.00505305052752902	0.00689317952585755	0.973
phase_augmented	alt	20	1	-1	150	0.45	1000	1000	1	1	0	-2.24037308152554	0.00962691847446306	0.0101070942781174	0.977
one_component	alt	21	1	0	35	0.45	1000	1000	1	0.608	0.015438134602341	-2.2608992529633	-0.0108992529633034	0.028550263655792	0.973
phase_augmented	alt	21	1	0	35	0.45	1000	1000	1	0.351	0.0150930116279025	-2.26754423001956	-0.0175442300195634	0.0449294159252314	0.947
one_component	alt	22	1	0	70	0.45	1000	1000	1	0.912	0.00895857131466843	-2.23803019775975	0.0119698022402512	0.0193038520081081	0.982
phase_augmented	alt	22	1	0	70	0.45	1000	1000	1	0.624	0.015317441039547	-2.24440824501536	0.00559175498463782	0.0296597433222781	0.963
one_component	alt	23	1	0	100	0.45	1000	1000	1	1	0	-2.25262672059094	-0.00262672059094005	0.00870800624206325	0.966
phase_augmented	alt	23	1	0	100	0.45	1000	1000	1	1	0	-2.25852707676897	-0.00852707676896891	0.0124505061804877	0.971
one_component	alt	24	1	0	150	0.45	1000	1000	1	1	0	-2.24717469594679	0.00282530405321113	0.00698971997263341	0.969
phase_augmented	alt	24	1	0	150	0.45	1000	1000	1	1	0	-2.24252120910583	0.00747879089417491	0.0100171296829802	0.983
one_component	alt	25	1	1	35	0.45	1000	1000	1	0.626	0.0153011110707687	-2.28499650557178	-0.0349965055717774	0.0277586552062104	0.984
phase_augmented	alt	25	1	1	35	0.45	1000	1000	1	0.376	0.015317441039547	-2.28097000933457	-0.0309700093345704	0.0439270600891191	0.963
one_component	alt	26	1	1	70	0.45	1000	1000	1	0.908	0.00913980306133562	-2.26790204512	-0.017902045120004	0.0194568479603963	0.979
phase_augmented	alt	26	1	1	70	0.45	1000	1000	1	0.628	0.0152845019545944	-2.26237690033362	-0.0123769003336158	0.0307227340169103	0.958
one_component	alt	27	1	1	100	0.45	1000	1000	1	1	0	-2.25742492445552	-0.0074249244555249	0.00851211819544069	0.978
phase_augmented	alt	27	1	1	100	0.45	1000	1000	1	1	0	-2.26364320741474	-0.0136432074147437	0.0123564344213742	0.981
one_component	alt	28	1	1	150	0.45	1000	1000	1	1	0	-2.25751323109338	-0.00751323109338253	0.00714784685784135	0.974
phase_augmented	alt	28	1	1	150	0.45	1000	1000	1	1	0	-2.25424699583061	-0.00424699583060795	0.0103110942665292	0.973
one_component	alt	29	1	2	35	0.45	1000	1000	1	0.59	0.0155531347322654	-2.22454966675457	0.025450333245431	0.0282560875751239	0.983
phase_augmented	alt	29	1	2	35	0.45	1000	1000	1	0.341	0.0149906304070243	-2.20543596542925	0.044564034570747	0.0446341707819805	0.954
one_component	alt	30	1	2	70	0.45	1000	1000	1	0.93	0.00806845710157772	-2.27961501003021	-0.0296150100302097	0.0185846257620268	0.986
phase_augmented	alt	30	1	2	70	0.45	1000	1000	1	0.645	0.0151319199046255	-2.29531543630106	-0.0453154363010637	0.0295264485821257	0.959
one_component	alt	31	1	2	100	0.45	1000	1000	1	1	0	-2.24775788668801	0.00224211331198587	0.00835184816789898	0.977
phase_augmented	alt	31	1	2	100	0.45	1000	1000	1	1	0	-2.24552340467028	0.00447659532972455	0.012087921515593	0.977
one_component	alt	32	1	2	150	0.45	1000	1000	1	1	0	-2.24305124100469	0.00694875899531278	0.0069004852119561	0.976
phase_augmented	alt	32	1	2	150	0.45	1000	1000	1	1	0	-2.24916726391353	0.000832736086473496	0.0104169839543908	0.971
one_component	alt	33	3	-1	35	0.45	1000	1000	1	0.602	0.0154788888490098	-2.23594195822329	0.0140580417767073	0.0278157270305075	0.981
phase_augmented	alt	33	3	-1	35	0.45	1000	1000	1	0.357	0.0151509405648626	-2.24288593070192	0.00711406929808467	0.0440474177117077	0.952
one_component	alt	34	3	-1	70	0.45	1000	1000	1	0.916	0.00877177291087725	-2.228429670171	0.0215703298290051	0.0188841579195382	0.978
phase_augmented	alt	34	3	-1	70	0.45	1000	1000	1	0.624	0.015317441039547	-2.22704367933358	0.0229563206664172	0.0294441095619477	0.955
one_component	alt	35	3	-1	100	0.45	1000	1000	1	1	0	-2.23855403093115	0.0114459690688511	0.00866377608482759	0.972
phase_augmented	alt	35	3	-1	100	0.45	1000	1000	1	1	0	-2.24131122213375	0.00868877786624989	0.0130147446560928	0.968
one_component	alt	36	3	-1	150	0.45	1000	1000	1	1	0	-2.25756539209126	-0.00756539209125862	0.00682794442521915	0.973
phase_augmented	alt	36	3	-1	150	0.45	1000	1000	1	1	0	-2.26589428535433	-0.0158942853543262	0.00995212914880545	0.97
one_component	alt	37	3	0	35	0.45	1000	1000	1	0.598	0.0155047089621186	-2.24597229173567	0.00402770826433008	0.0273357642874035	0.979
phase_augmented	alt	37	3	0	35	0.45	1000	1000	1	0.346	0.0150427391122761	-2.23608668911446	0.0139133108855383	0.0448604084414963	0.959
one_component	alt	38	3	0	70	0.45	1000	1000	1	0.921	0.00852988862764339	-2.27454888335733	-0.0245488833573315	0.0184112272028347	0.987
phase_augmented	alt	38	3	0	70	0.45	1000	1000	1	0.648	0.0151028474136502	-2.26571403287372	-0.0157140328737153	0.0299891177756241	0.951
one_component	alt	39	3	0	100	0.45	1000	1000	1	1	0	-2.24868901938007	0.00131098061992985	0.00829486625135301	0.982
phase_augmented	alt	39	3	0	100	0.45	1000	1000	1	1	0	-2.24847011153155	0.00152988846845137	0.0121093979829491	0.976
one_component	alt	40	3	0	150	0.45	1000	1000	1	1	0	-2.2358023196875	0.0141976803124999	0.00685888256595927	0.971
phase_augmented	alt	40	3	0	150	0.45	1000	1000	1	1	0	-2.24193748176819	0.00806251823181281	0.00997517804198437	0.978
one_component	alt	41	3	1	35	0.45	1000	1000	1	0.59	0.0155531347322654	-2.25671803228483	-0.00671803228483103	0.027443344039146	0.986
phase_augmented	alt	41	3	1	35	0.45	1000	1000	1	0.341	0.0149906304070243	-2.26444108893475	-0.0144410889347477	0.044381890084881	0.957
one_component	alt	42	3	1	70	0.45	1000	1000	1	0.905	0.00927227048785787	-2.22631935863203	0.0236806413679744	0.0191938631050363	0.975
phase_augmented	alt	42	3	1	70	0.45	1000	1000	1	0.615	0.0153874949228261	-2.23207065225499	0.0179293477450102	0.0294555838234826	0.967
one_component	alt	43	3	1	100	0.45	1000	1000	1	1	0	-2.24416184126128	0.00583815873872418	0.00844574775671305	0.976
phase_augmented	alt	43	3	1	100	0.45	1000	1000	1	1	0	-2.23628653640989	0.0137134635901131	0.0122384801508623	0.98
one_component	alt	44	3	1	150	0.45	1000	1000	1	1	0	-2.24856309185411	0.00143690814589004	0.00713441797103047	0.971
phase_augmented	alt	44	3	1	150	0.45	1000	1000	1	1	0	-2.24885792731592	0.00114207268407895	0.010381606895181	0.972
one_component	alt	45	3	2	35	0.45	1000	1000	1	0.585	0.0155812387184075	-2.22183095361062	0.0281690463893809	0.026636479858074	0.987
phase_augmented	alt	45	3	2	35	0.45	1000	1000	1	0.333	0.0149033888763596	-2.1997942086641	0.0502057913359009	0.0428414222135127	0.959
one_component	alt	46	3	2	70	0.45	1000	1000	1	0.903	0.00935900635751467	-2.21878619678273	0.0312138032172733	0.0183956375899982	0.989
phase_augmented	alt	46	3	2	70	0.45	1000	1000	1	0.597	0.0155109960995418	-2.20637214479724	0.0436278552027556	0.0283537280381731	0.978
one_component	alt	47	3	2	100	0.45	1000	1000	1	1	0	-2.25690258073309	-0.00690258073309113	0.00849060895045558	0.983
phase_augmented	alt	47	3	2	100	0.45	1000	1000	1	1	0	-2.24945447202986	0.000545527970144288	0.012488014847298	0.971
one_component	alt	48	3	2	150	0.45	1000	1000	1	1	0	-2.2581282784643	-0.0081282784642962	0.00693778933810462	0.978
phase_augmented	alt	48	3	2	150	0.45	1000	1000	1	1	0	-2.25778225890635	-0.00778225890635387	0.0102466497378895	0.967
one_component	alt	49	6	-1	35	0.45	1000	1000	1	0.588	0.0155645751628498	-2.26103721927448	-0.0110372192744808	0.0277221828776353	0.979
phase_augmented	alt	49	6	-1	35	0.45	1000	1000	1	0.361	0.0151881203577006	-2.26426143901714	-0.0142614390171429	0.0438348729986711	0.954
one_component	alt	50	6	-1	70	0.45	1000	1000	1	0.908	0.00913980306133562	-2.25257786959883	-0.00257786959882988	0.0182089860296423	0.989
phase_augmented	alt	50	6	-1	70	0.45	1000	1000	1	0.619	0.0153570504980611	-2.25258047524208	-0.00258047524207994	0.029659393541301	0.963
one_component	alt	51	6	-1	100	0.45	1000	1000	1	1	0	-2.25509430824874	-0.0050943082487418	0.00867113423788345	0.975
phase_augmented	alt	51	6	-1	100	0.45	1000	1000	1	1	0	-2.26639381725042	-0.0163938172504183	0.0124526938319318	0.98
one_component	alt	52	6	-1	150	0.45	1000	1000	1	1	0	-2.24818113299938	0.00181886700062073	0.00670021212756563	0.979
phase_augmented	alt	52	6	-1	150	0.45	1000	1000	1	1	0	-2.24287314081778	0.00712685918222222	0.0102568372334833	0.979
one_component	alt	53	6	0	35	0.45	1000	1000	1	0.554	0.0157189058143371	-2.22974752896063	0.0202524710393677	0.0272717149134358	0.986
phase_augmented	alt	53	6	0	35	0.45	1000	1000	1	0.333	0.0149033888763596	-2.1889266732379	0.0610733267620951	0.0433148443070656	0.954
one_component	alt	54	6	0	70	0.45	1000	1000	1	0.896	0.00965318600255895	-2.24878676152606	0.00121323847393739	0.0191423815588238	0.985
phase_augmented	alt	54	6	0	70	0.45	1000	1000	1	0.632	0.0152504426165276	-2.26221972861869	-0.0122197286186903	0.030212049754076	0.95
one_component	alt	55	6	0	100	0.45	1000	1000	1	1	0	-2.24497074992114	0.00502925007886157	0.00799119101035278	0.989
phase_augmented	alt	55	6	0	100	0.45	1000	1000	1	1	0	-2.25628281371165	-0.00628281371164574	0.0119733867918539	0.982
one_component	alt	56	6	0	150	0.45	1000	1000	1	1	0	-2.24636184118354	0.00363815881646046	0.00706254470778413	0.972
phase_augmented	alt	56	6	0	150	0.45	1000	1000	1	1	0	-2.24708170801637	0.00291829198363125	0.0101746469305154	0.98
one_component	alt	57	6	1	35	0.45	1000	1000	1	0.577	0.0156227718411299	-2.24992622122284	7.3778777156086e-05	0.026098797744894	0.991
phase_augmented	alt	57	6	1	35	0.45	1000	1000	1	0.336	0.0149366662947259	-2.26118601988848	-0.0111860198884783	0.042050628459133	0.965
one_component	alt	58	6	1	70	0.45	1000	1000	1	0.897	0.00961202372032029	-2.24149391111074	0.00850608888925519	0.0186249878218031	0.987
phase_augmented	alt	58	6	1	70	0.45	1000	1000	1	0.611	0.0154168414404508	-2.21473635226696	0.0352636477330379	0.0299726394417399	0.968
one_component	alt	59	6	1	100	0.45	1000	1000	1	1	0	-2.25549054873409	-0.00549054873408572	0.00873329480439473	0.969
phase_augmented	alt	59	6	1	100	0.45	1000	1000	1	0.999	0.000999499874937461	-2.25085755772872	-0.000857557728723535	0.0132540759201428	0.97
one_component	alt	60	6	1	150	0.45	1000	1000	1	1	0	-2.23403993028621	0.0159600697137887	0.00705612555350458	0.981
phase_augmented	alt	60	6	1	150	0.45	1000	1000	1	1	0	-2.24551748740801	0.0044825125919874	0.0101207511792342	0.981
one_component	alt	61	6	2	35	0.45	1000	1000	1	0.538	0.0157656588825206	-2.23117303233899	0.0188269676610053	0.0276731540184828	0.984
phase_augmented	alt	61	6	2	35	0.45	1000	998	0.998	0.324649298597194	0.0148219942837203	-2.21816795827915	0.031832041720846	0.043988367102976	0.964929859719439
one_component	alt	62	6	2	70	0.45	1000	1000	1	0.895	0.00969407035254026	-2.23484642841525	0.0151535715847548	0.018758544584946	0.989
phase_augmented	alt	62	6	2	70	0.45	1000	1000	1	0.621	0.0153414145371279	-2.23427407849882	0.0157259215011782	0.0298667524176167	0.96
one_component	alt	63	6	2	100	0.45	1000	1000	1	1	0	-2.25851128829215	-0.00851128829214964	0.00906526750089739	0.964
phase_augmented	alt	63	6	2	100	0.45	1000	1000	1	0.997	0.00172945077987204	-2.26603251054515	-0.016032510545152	0.0131048522862795	0.973
one_component	alt	64	6	2	150	0.45	1000	1000	1	1	0	-2.2599653211988	-0.00996532119879889	0.0070430691041845	0.986
phase_augmented	alt	64	6	2	150	0.45	1000	1000	1	1	0	-2.2724534485126	-0.0224534485125978	0.0105790959304439	0.974
one_component	alt	65	10	-1	35	0.45	1000	1000	1	0.544	0.0157500476189756	-2.2675831697269	-0.017583169726898	0.0279450292380186	0.989
phase_augmented	alt	65	10	-1	35	0.45	1000	1000	1	0.348	0.0150630674166984	-2.25759942200513	-0.00759942200512764	0.0446333667377504	0.958
one_component	alt	66	10	-1	70	0.45	1000	1000	1	0.885	0.0100883596287999	-2.22111174879461	0.0288882512053945	0.0187360862051587	0.984
phase_augmented	alt	66	10	-1	70	0.45	1000	1000	1	0.624	0.015317441039547	-2.23143895548604	0.0185610445139557	0.0299401128476811	0.954
one_component	alt	67	10	-1	100	0.45	1000	1000	1	1	0	-2.24672250399135	0.00327749600864635	0.00846852738585305	0.98
phase_augmented	alt	67	10	-1	100	0.45	1000	1000	1	1	0	-2.24419336178363	0.00580663821636618	0.0121316916646424	0.987
one_component	alt	68	10	-1	150	0.45	1000	1000	1	1	0	-2.24129549565732	0.00870450434267767	0.00712610802951032	0.978
phase_augmented	alt	68	10	-1	150	0.45	1000	1000	1	1	0	-2.2409831693061	0.0090168306938998	0.0103496620282527	0.981
one_component	alt	69	10	0	35	0.45	1000	1000	1	0.525	0.0157916116973538	-2.234503179788	0.0154968202119998	0.0262143556892848	0.992
phase_augmented	alt	69	10	0	35	0.45	1000	1000	1	0.327	0.0148347901906296	-2.23924007676296	0.010759923237043	0.0431693089170674	0.972
one_component	alt	70	10	0	70	0.45	1000	1000	1	0.892	0.00981509042240569	-2.2351259193121	0.0148740806878975	0.0178165387974982	0.992
phase_augmented	alt	70	10	0	70	0.45	1000	1000	1	0.624	0.015317441039547	-2.24291937248778	0.00708062751222283	0.029121640622043	0.969
one_component	alt	71	10	0	100	0.45	1000	1000	1	1	0	-2.26125220075468	-0.0112522007546842	0.00852710302419678	0.978
phase_augmented	alt	71	10	0	100	0.45	1000	1000	1	0.999	0.000999499874937461	-2.2660922999395	-0.0160922999394995	0.0123212300873118	0.981
one_component	alt	72	10	0	150	0.45	1000	1000	1	1	0	-2.25325967790995	-0.00325967790994719	0.00699060185911032	0.975
phase_augmented	alt	72	10	0	150	0.45	1000	1000	1	1	0	-2.25112858174832	-0.0011285817483242	0.0103224825826764	0.978
one_component	alt	73	10	1	35	0.45	1000	1000	1	0.54	0.0157607106438764	-2.25748058657377	-0.00748058657376838	0.0275619868433627	0.987
phase_augmented	alt	73	10	1	35	0.45	1000	999	0.999	0.336336336336336	0.0149478307067958	-2.28565745990083	-0.0356574599008304	0.0445136179571025	0.958958958958959
one_component	alt	74	10	1	70	0.45	1000	1000	1	0.863	0.0108734079294396	-2.24374517865367	0.00625482134632582	0.0186064503295852	0.99
phase_augmented	alt	74	10	1	70	0.45	1000	1000	1	0.623	0.0153255016231117	-2.25375653375612	-0.0037565337561194	0.0297000236658397	0.965
one_component	alt	75	10	1	100	0.45	1000	1000	1	1	0	-2.24827199800701	0.00172800199298839	0.00848216414984161	0.981
phase_augmented	alt	75	10	1	100	0.45	1000	1000	1	0.999	0.000999499874937461	-2.25311202948034	-0.00311202948034106	0.0126638220991115	0.985
one_component	alt	76	10	1	150	0.45	1000	1000	1	1	0	-2.24539111864169	0.0046088813583145	0.00692988796123852	0.987
phase_augmented	alt	76	10	1	150	0.45	1000	1000	1	1	0	-2.2238915079052	0.0261084920947998	0.0105064755874242	0.976
one_component	alt	77	10	2	35	0.45	1000	1000	1	0.539	0.0157632166768081	-2.26174286955366	-0.0117428695536574	0.027163032341397	0.99
phase_augmented	alt	77	10	2	35	0.45	1000	1000	1	0.35	0.0150831031289984	-2.24208412751972	0.00791587248028458	0.0437177074983821	0.963
one_component	alt	78	10	2	70	0.45	1000	1000	1	0.862	0.0109066951914867	-2.22091794006715	0.0290820599328518	0.0190866842479897	0.988
phase_augmented	alt	78	10	2	70	0.45	1000	1000	1	0.619	0.0153570504980611	-2.23189445834634	0.0181055416536564	0.030791857823327	0.953
one_component	alt	79	10	2	100	0.45	1000	1000	1	1	0	-2.24923128718119	0.000768712818806971	0.0086399812066559	0.971
phase_augmented	alt	79	10	2	100	0.45	1000	1000	1	0.999	0.000999499874937461	-2.23998647331642	0.0100135266835761	0.0124106767269277	0.987
one_component	alt	80	10	2	150	0.45	1000	1000	1	1	0	-2.2443977289404	0.0056022710595971	0.00665676448385739	0.985
phase_augmented	alt	80	10	2	150	0.45	1000	1000	1	1	0	-2.24052418260581	0.00947581739419023	0.00975627315091864	0.987
one_component	null	81	0	0	35	0	5000	5000	1	0.0326	0.00251146331846595	0.00443826968187568	0.00443826968187568	0.0136645290927823	0.9664
phase_augmented	null	81	0	0	35	0	5000	4998	0.9996	0.0492196878751501	0.00305992929772036	-0.0051507411672937	-0.0051507411672937	0.0206849629147068	0.949179671868748
one_component	null	82	0	0	70	0	5000	5000	1	0.0306	0.00243571919563812	-0.00666919395362096	-0.00666919395362096	0.00925114110234479	0.9692
phase_augmented	null	82	0	0	70	0	5000	5000	1	0.0476	0.00301112072159188	-0.0137613122513886	-0.0137613122513886	0.0140159867959367	0.9524
one_component	null	83	0	0	100	0	5000	5000	1	0.0558	0.00324611644892786	0.00326471340571693	0.00326471340571693	0.00440759264434695	0.9442
phase_augmented	null	83	0	0	100	0	5000	5000	1	0.038	0.0027039230758289	0.0016851723523904	0.0016851723523904	0.00600203676397903	0.962
one_component	null	84	0	0	150	0	5000	5000	1	0.0534	0.00317957355631223	-0.00659696515253137	-0.00659696515253137	0.00361981131884538	0.9466
phase_augmented	null	84	0	0	150	0	5000	5000	1	0.0382	0.0027107474983849	-0.00596527665893969	-0.00596527665893969	0.00486296694007695	0.9618
